ce88e3e0-b429-43c9-8aed-a11b846bdbfc "1044.74,901.42,847.93,835.46,883.69,1095.55,1406.29,1528.54,1523.14,1482.14,1479.58,1441.85,1456.65,1475.61,1455.95,1462.97,1474.3,1497.85,1521.95,1651.8,1796.04,1860.5,1654.35,1306.41,1038.63,895.3,841.81,829.34,877.57,1089.44,1400.17,1522.42,1517.03,1476.02,1473.46,1435.74,1450.54,1469.5,1449.83,1456.85,1468.18,1491.74,1515.83,1645.68,1789.92,1854.38,1648.23,1300.3,1032.51,889.18,835.69,823.23,871.45,1083.32,1394.05,1516.31,1510.91,1469.9,1467.34,1429.62,1444.42,1463.38,1443.71,1450.73,1462.06,1485.62,1509.72,1639.57,1783.81,1848.26,1642.12,1294.18"
3bd4cf70-f1a9-40f1-9ac1-66c7af0bfd3a "590.21,588.71,585.25,586.32,583.77,584.27,586.84,591.19,600.49,606.81,612.27,611.9,609.65,610.85,613.03,614.07,614.79,627.83,604.76,601.84,599.41,596.64,593.15,591.32,589.44,587.94,584.48,585.56,583.0,583.51,586.07,590.42,599.72,606.04,611.5,611.13,608.88,610.08,612.26,613.31,614.02,627.06,603.99,601.07,598.64,595.87,592.38,590.55,588.68,587.17,583.72,584.79,582.24,582.74,585.3,589.65,598.95,605.27,610.74,610.36,608.11,609.31,611.5,612.54,613.25,626.29,603.23,600.3,597.87,595.11,591.62,589.79"
3fb200fb-4a4b-48ff-8bc7-3efccaf8a545 "117.4,69.43,7.31,8.42,0.0,0.0,0.0,0.0,28.16,173.76,382.14,505.83,853.45,793.36,490.24,633.28,1192.42,583.0,380.79,288.58,394.47,300.82,186.9,137.4,80.22,34.85,0.0,0.0,0.0,0.0,0.0,0.0,12.58,131.3,301.11,474.58,685.29,703.64,420.48,575.46,1030.83,628.99,334.07,225.04,318.19,326.83,184.74,135.48,71.42,25.57,0.0,0.0,0.0,0.0,0.0,0.0,0.0,123.49,300.44,464.69,700.76,704.58,417.72,570.49,1045.09,604.79,327.05,221.13,316.64,306.33,169.46,120.15"
d2225740-64ec-41d8-9efe-dda467480a10 "817.81,743.25,704.46,677.09,674.22,689.76,790.38,843.89,907.46,1086.46,1273.83,1323.74,1264.41,1252.72,1318.91,1355.93,1417.59,1452.25,1382.49,1308.52,1229.51,971.31,875.81,799.38,757.78,703.48,677.43,658.04,660.2,678.88,781.49,836.24,900.59,1080.08,1267.76,1317.87,1258.66,1247.04,1313.28,1350.33,1412.01,1446.68,1376.92,1302.96,1223.95,965.76,870.26,793.83,752.23,697.93,671.88,652.49,654.65,673.33,775.93,830.69,895.04,1074.53,1262.21,1312.31,1253.11,1241.49,1307.73,1344.78,1406.46,1441.13,1371.37,1297.41,1218.4,960.21,864.7,788.28"
27b8a6c7-35a1-45eb-b267-179705991d53 "6774.49,5152.79,3950.07,3509.59,3206.25,3399.86,4578.09,6828.07,8632.87,9122.51,9491.73,10111.17,10518.93,9980.22,8445.04,7939.98,7834.28,8510.55,8128.79,7765.59,7539.63,7809.93,7984.74,7623.89,6611.07,5067.39,3936.12,3552.06,3265.58,3470.31,4691.91,7000.6,8784.1,9229.95,9631.56,10231.63,10638.56,9800.25,8457.7,8003.95,7895.35,8639.34,8220.81,7704.87,7551.42,7803.42,7910.17,7605.42,6626.27,5096.98,3978.88,3605.22,3321.85,3528.64,4758.22,7077.75,8857.32,9295.1,9702.67,10299.18,10705.95,9812.4,8505.37,8061.07,7951.95,8708.42,8283.11,7739.01,7598.92,7847.56,7941.75,7647.35"
e7d6a5d2-7551-4d7a-ae7e-4d65b31501bf "174.78,125.82,109.22,103.96,103.2,124.51,174.12,215.59,205.08,186.63,173.91,164.79,162.52,155.34,150.41,146.43,149.4,147.43,145.11,148.87,153.54,162.22,162.18,151.9,173.76,124.67,108.0,102.71,101.94,123.24,172.85,214.31,203.81,185.36,172.63,163.52,161.24,154.07,149.14,145.16,148.13,146.15,143.84,147.6,152.27,160.94,160.9,150.63,172.48,123.39,106.73,101.44,100.66,121.97,171.58,213.04,202.54,184.09,171.36,162.25,159.97,152.79,147.86,143.89,146.86,144.88,142.56,146.32,150.99,159.67,159.63,149.35"
39e40b36-b885-471b-9a03-1c730ba47725 "33.77,24.64,22.07,22.46,19.72,21.25,21.53,22.47,634.88,213.04,196.68,196.21,195.0,194.54,196.33,197.38,198.37,201.57,201.54,216.94,187.34,181.79,28.3,26.07,24.82,21.0,20.39,22.06,19.99,20.87,21.82,22.45,597.36,208.87,195.58,197.83,188.98,188.5,188.73,189.05,190.06,192.23,190.31,198.25,185.84,182.56,27.07,23.85,21.1,14.54,12.91,13.92,11.51,12.72,13.33,14.12,608.38,202.68,187.81,188.65,183.75,183.28,184.31,185.01,186.01,188.71,187.77,199.56,178.28,173.82,19.36,16.66"
62c714cb-cd27-4f1d-996b-fa0a241f630b "402.18,327.8,290.5,268.64,263.69,310.58,522.82,966.98,1117.58,1155.05,1175.8,1212.66,1179.28,1205.79,1299.1,1244.52,1299.5,1419.1,1383.43,1210.32,1060.01,893.08,690.15,522.07,421.37,343.38,304.94,282.71,277.64,324.5,536.73,980.88,1131.48,1168.95,1189.7,1226.57,1193.18,1219.69,1313.0,1258.42,1313.4,1433.01,1397.34,1224.23,1073.91,906.98,704.05,535.97,435.27,357.28,318.84,296.61,291.55,338.4,550.63,994.78,1145.38,1182.86,1203.6,1240.47,1207.08,1233.59,1326.9,1272.32,1327.31,1446.91,1411.24,1238.13,1087.81,920.88,717.95,549.87"
edf614b8-4de1-479c-ae9a-46acb9dc09be "513.14,482.93,458.99,449.57,445.66,448.69,537.6,569.5,629.41,809.97,1056.48,1231.7,1336.2,1273.56,1217.09,1180.06,1222.54,1316.96,1406.25,1369.18,1260.04,1064.18,825.76,710.12,524.71,492.79,468.78,460.85,458.12,461.29,550.29,580.71,639.93,823.57,1071.79,1232.42,1320.29,1268.0,1226.28,1194.84,1230.8,1317.37,1396.53,1363.89,1266.34,1075.08,835.85,720.24,533.78,501.01,476.97,469.78,467.64,470.87,559.92,589.61,648.48,833.64,1082.72,1236.1,1315.71,1268.57,1234.17,1205.51,1238.23,1320.9,1395.03,1364.58,1272.79,1083.82,844.18,728.6"
86fc9582-eae6-440b-a7b1-a26ac498e0a4 "0.0,59550.16,356956.73,355720.6,134220.02,18.97,0.0,0.0,0.0,0.0,0.0,0.0,0.0,0.0,0.0,0.0,0.0,0.0,0.0,0.0,0.0,0.0,0.0,0.0,0.0,57893.32,347025.25,345823.52,130485.67,18.45,0.0,0.0,0.0,0.0,0.0,0.0,0.0,0.0,0.0,0.0,0.0,0.0,0.0,0.0,0.0,0.0,0.0,0.0,0.0,56282.58,337370.1,336201.8,126855.22,17.93,0.0,0.0,0.0,0.0,0.0,0.0,0.0,0.0,0.0,0.0,0.0,0.0,0.0,0.0,0.0,0.0,0.0,0.0"
97b15809-7d09-4908-8c0b-e5b3752252d8 "234.03,289.58,345.49,390.95,398.02,410.37,397.13,410.32,507.09,847.15,1526.11,1946.88,2243.26,2678.49,2825.99,2807.75,2704.46,2542.48,2291.43,2250.45,1969.86,1141.48,470.96,320.36,312.57,345.9,379.14,407.39,405.17,408.95,395.62,411.08,515.87,861.61,1545.75,1967.84,2279.61,2737.98,2887.85,2855.79,2756.48,2581.14,2312.25,2257.7,1959.65,1149.61,504.8,357.25,358.16,397.99,437.71,470.62,470.53,476.31,462.38,476.67,578.63,922.46,1605.01,2026.87,2333.98,2785.26,2934.7,2907.38,2807.06,2636.2,2373.16,2323.02,2030.56,1214.6,561.47,412.82"
67a44915-f4f1-4ed6-ad22-99b452d48d73 "399.05,395.56,377.22,365.51,344.77,313.17,288.52,281.46,284.67,307.39,316.08,309.22,304.13,310.18,318.13,322.48,323.41,330.0,337.06,353.62,377.71,391.85,397.79,399.73,402.66,397.69,381.56,369.08,349.47,317.46,293.39,286.13,289.64,312.25,321.09,314.18,309.16,315.19,323.17,327.5,328.45,335.04,342.11,358.66,382.76,396.9,402.85,404.78,407.72,402.74,386.61,374.13,354.52,322.52,298.45,291.18,294.69,317.3,326.15,319.23,314.21,320.24,328.22,332.56,333.51,340.09,347.16,363.72,387.82,401.95,407.9,409.83"
f0daee79-6778-41c8-8871-e3b9e98a0d4d "266.71,264.02,252.71,240.51,228.25,218.65,216.23,218.85,229.81,234.19,236.89,223.65,226.94,227.21,228.87,231.01,223.48,221.14,229.52,240.01,251.48,265.48,275.95,279.35,267.2,265.92,253.51,242.17,229.23,220.16,217.33,220.27,230.99,235.55,238.11,224.98,228.18,228.52,230.12,232.31,224.74,222.43,230.79,241.3,252.76,266.76,277.23,280.64,268.48,267.2,254.79,243.45,230.51,221.44,218.62,221.55,232.27,236.83,239.39,226.27,229.46,229.8,231.4,233.59,226.02,223.71,232.07,242.58,254.04,268.04,278.51,281.92"
712a99f2-7685-40a9-9643-4148cf9d7038 "18143.78,16946.53,15078.01,14023.59,12266.95,10893.36,10067.52,9863.2,11073.3,11658.06,12727.84,13618.82,13817.36,14583.72,15237.96,16116.47,16737.83,16770.49,16296.48,16503.3,16358.29,17228.93,18423.77,18355.94,18325.7,17116.64,15239.19,14177.34,12414.63,11036.07,10206.17,9998.52,11205.89,11788.42,12856.38,13745.86,13943.17,14708.53,15361.95,16239.79,16860.6,16892.81,16418.43,16624.94,16479.68,17350.13,18544.8,18476.83,18446.48,17237.33,15359.81,14297.89,12535.14,11156.54,10326.61,10118.92,11326.28,11908.78,12976.73,13866.2,14063.5,14828.85,15482.26,16360.09,16980.9,17013.11,16538.72,16745.24,16599.98,17470.42,18665.09,18597.12"
ed0480f5-ec6e-46ab-84aa-eee1c8ee5df2 "18818.12,18007.36,16256.84,14759.68,13395.03,11802.85,11074.13,10832.6,11938.51,12725.78,13449.35,14107.33,14784.26,15859.33,16223.37,16843.87,17364.51,17489.66,17205.39,17168.63,17915.72,18641.31,19239.14,19385.11,19159.54,18352.36,16593.92,15099.65,13728.57,12138.73,11404.78,11165.14,12266.8,13055.59,13775.71,14434.92,15109.05,16185.12,16546.88,17168.18,17686.97,17812.77,17527.0,17490.76,18236.63,18962.64,19559.48,19705.79,19479.42,18672.51,16913.42,15419.37,14047.76,12458.09,11723.71,11484.22,12585.53,13374.43,14094.27,14753.58,15427.47,16503.61,16865.19,17486.56,18005.19,18131.04,17845.15,17808.94,18554.71,19280.76,19877.51,20023.85"
34df6555-4537-4ed8-bd88-ac4bccc67805 "4672.48,2756.41,1985.97,2047.64,1784.99,1868.76,2048.8,2192.23,2557.32,2942.03,3045.39,3363.29,3844.43,3684.48,3525.08,5758.81,7372.84,9652.03,9909.97,7842.8,7123.53,7039.32,7351.36,6488.42,5396.01,3546.59,2720.59,2687.85,2333.13,2343.41,2471.6,2581.86,2927.72,3302.53,3401.66,3718.44,4199.95,4040.88,3882.42,6116.91,7731.5,10011.06,10269.21,8202.16,7482.94,7398.75,7710.78,6847.84,5755.41,3905.99,3079.99,3047.24,2692.51,2702.8,2830.98,2941.24,3287.1,3661.91,3761.05,4077.83,4559.33,4400.27,4241.8,6476.3,8090.89,10370.44,10628.6,8561.55,7842.33,7758.13,8070.17,7207.23"
8c592c78-3324-4d14-b667-bf16ec51e3d0 "280.58,270.27,275.03,473.95,346.08,293.68,286.76,288.34,288.44,288.99,294.46,289.66,289.53,288.32,281.92,282.54,283.0,282.65,285.48,294.6,306.54,309.32,297.41,287.04,281.95,272.95,277.47,476.43,348.55,296.15,289.23,290.81,290.91,291.46,296.93,292.13,292.0,290.79,284.4,285.01,285.47,285.12,287.96,297.07,309.01,311.79,299.88,289.52,284.43,275.42,279.94,478.9,351.02,298.62,291.71,293.29,293.39,293.93,299.41,294.61,294.48,293.26,286.87,287.49,287.94,287.59,290.43,299.54,311.49,314.26,302.36,291.99"
3342cfd6-6184-4217-bd76-5ce896bacb5a "84.15,70.59,67.27,67.85,65.5,67.3,78.91,94.82,108.71,122.53,137.48,149.74,149.16,140.9,144.64,155.39,170.13,186.08,187.62,177.1,170.07,156.69,134.2,107.19,87.77,73.92,70.65,71.11,68.53,70.18,82.03,98.19,111.77,124.4,138.28,150.67,149.98,140.88,144.72,155.42,169.64,186.72,190.13,179.52,171.99,158.58,135.69,109.03,89.88,75.89,72.62,73.02,70.34,71.94,83.87,100.12,113.57,125.73,139.18,151.61,150.88,141.45,145.33,156.01,170.02,187.54,191.68,181.03,173.31,159.88,136.83,110.31"
36a0ae09-7c74-4d8b-9394-8e08b496b55f "2003.04,1988.27,1981.55,2032.43,1971.0,1968.15,2021.48,2015.47,2034.28,2057.29,2074.71,2348.92,2685.98,2698.89,2676.02,2235.7,2094.39,2081.36,2102.2,2114.15,2164.52,2147.19,2129.74,2065.66,2007.11,1992.35,1985.63,2036.51,1975.08,1972.22,2025.56,2019.55,2038.36,2061.36,2078.79,2352.99,2690.05,2702.97,2680.1,2239.78,2098.46,2085.44,2106.28,2118.23,2168.59,2151.27,2133.81,2069.74,2011.19,1996.43,1989.71,2040.58,1979.15,1976.3,2029.64,2023.63,2042.44,2065.44,2082.87,2357.07,2694.13,2707.05,2684.18,2243.85,2102.54,2089.52,2110.36,2122.3,2172.67,2155.34,2137.89,2073.81"
b0c0999b-77de-4b75-9d3f-013cda1d4502 "1262.01,936.82,846.48,786.17,783.17,950.87,1686.66,3056.71,4402.28,4926.02,5215.19,5525.13,5654.09,5083.71,4853.25,4866.0,5163.27,5537.95,6125.12,6916.18,6541.6,4757.72,2987.18,1935.35,1413.43,1088.64,998.63,938.59,935.81,1103.69,1839.62,3209.8,4555.46,5079.28,5368.52,5678.52,5807.52,5237.17,5006.75,5019.51,5316.81,5691.5,6278.69,7069.76,6695.19,4911.31,3140.78,2088.96,1567.04,1242.26,1152.25,1092.21,1089.43,1257.31,1993.25,3363.42,4709.09,5232.91,5522.15,5832.14,5961.15,5390.8,5160.38,5173.14,5470.44,5845.13,6432.32,7223.39,6848.82,5064.94,3294.4,2242.59"
b1bc95b5-4842-437e-a322-1756cefa45bf "1853.94,1284.14,1371.25,1228.85,1191.75,1213.47,1333.71,1465.59,1609.33,1648.66,1647.77,1664.92,1680.76,1698.87,1652.29,1602.09,1633.2,1781.95,1837.76,2124.72,2467.93,2359.81,1786.98,1415.21,1813.76,1234.95,1318.62,1174.9,1137.3,1158.83,1278.99,1410.84,1554.58,1593.9,1593.01,1610.16,1626.0,1644.11,1597.53,1547.33,1578.44,1727.19,1783.0,2069.96,2413.17,2305.05,1732.22,1360.45,1759.0,1180.19,1263.86,1120.14,1082.54,1104.07,1224.23,1356.08,1499.82,1539.14,1538.25,1555.4,1571.24,1589.35,1542.77,1492.57,1523.68,1672.43,1728.24,2015.2,2358.41,2250.29,1677.46,1305.69"
77bc4464-b5fa-4e47-bfd1-ae4e4fcd5199 "187.59,188.63,190.01,191.73,67.76,274.03,289.98,263.99,269.75,282.9,243.96,238.76,233.98,229.62,225.66,222.1,218.94,216.17,213.78,211.77,210.14,208.88,208.0,207.48,207.33,207.55,208.13,209.09,84.54,289.89,305.15,278.56,283.69,296.24,256.78,251.05,245.75,240.9,236.47,232.46,228.87,225.68,222.89,220.5,218.5,216.89,215.66,214.82,214.36,214.28,214.58,215.26,90.57,295.45,310.46,283.66,288.57,300.89,261.27,255.34,249.86,244.83,240.24,236.07,232.32,228.98,226.05,223.52,221.39,219.65,218.3,217.34"
ada698ef-7c0d-4ffd-9d21-8dc90ef9951e "90.76,62.1,58.42,60.15,60.21,78.58,61.94,80.97,64.93,64.83,63.62,103.33,72.22,90.94,63.51,57.83,66.67,52.96,74.27,61.37,80.64,62.97,56.56,62.24,89.84,57.94,54.25,55.98,56.04,74.42,57.77,76.8,60.76,60.66,59.45,99.16,68.05,86.77,59.34,53.66,62.5,48.79,70.1,57.2,76.47,58.8,52.39,58.08,85.67,53.77,50.08,51.81,51.88,70.25,53.6,72.63,56.59,56.49,55.28,95.0,63.88,82.61,55.17,49.49,58.33,44.62,65.93,53.03,72.3,54.63,48.22,53.91"
54f6f4eb-6325-41ec-bee9-0dadebfde7a0 "257.83,255.31,255.85,257.9,254.51,255.1,255.89,257.36,261.23,263.63,266.92,265.21,271.98,274.19,275.03,269.22,260.91,259.83,258.31,258.31,258.55,257.7,258.05,255.74,254.47,252.37,253.14,255.33,252.01,252.65,253.47,254.95,258.83,261.23,264.53,262.81,269.59,271.79,272.64,266.82,258.51,257.43,255.92,255.92,256.16,255.31,255.66,253.35,252.08,249.97,250.75,252.94,249.62,250.26,251.08,252.55,256.44,258.84,262.14,260.42,267.2,269.4,270.25,264.43,256.12,255.04,253.52,253.53,253.77,252.92,253.27,250.95"
6c3fcd87-5bf1-4dec-8205-9d253c856df7 "312.49,246.74,216.53,227.34,210.47,277.58,498.75,867.37,1181.51,1217.67,1178.38,1226.83,1228.14,971.23,892.44,934.13,1038.9,1215.97,1498.55,1696.35,1475.55,1070.04,697.86,447.41,316.59,250.84,220.63,231.43,214.57,281.67,502.85,871.46,1185.6,1221.76,1182.47,1230.93,1232.24,975.32,896.53,938.22,1042.99,1220.07,1502.64,1700.44,1479.64,1074.14,701.96,451.51,320.68,254.93,224.72,235.53,218.66,285.77,506.94,875.56,1189.7,1225.85,1186.57,1235.02,1236.33,979.42,900.63,942.32,1047.09,1224.16,1506.73,1704.53,1483.73,1078.23,706.05,455.6"
3c642a41-553d-45d3-aee9-cd7ce7e4e038 "1382.62,1371.66,1368.45,1365.83,1363.65,1365.01,1371.97,1377.93,1389.17,1390.51,1390.73,1388.87,1391.33,1393.29,1390.85,1393.43,1395.45,1397.75,1400.64,1406.54,1416.74,1412.1,1403.72,1392.42,1378.08,1367.45,1364.48,1362.04,1359.98,1361.43,1368.46,1374.46,1385.74,1387.11,1387.34,1385.5,1387.96,1389.93,1387.49,1390.07,1392.1,1394.4,1397.3,1403.2,1413.4,1408.76,1400.38,1389.07,1374.74,1364.11,1361.14,1358.7,1356.63,1358.09,1365.12,1371.12,1382.4,1383.76,1384.0,1382.15,1384.62,1386.59,1384.15,1386.73,1388.76,1391.06,1393.96,1399.85,1410.05,1405.42,1397.04,1385.73"
9decf6c2-1760-4924-a845-106591232f00 "1569.68,1853.65,1566.35,1554.65,1534.71,1536.47,1537.91,1540.76,1542.53,1536.21,1538.5,1546.31,1542.47,1540.39,1537.09,1552.25,1553.6,1566.2,1550.18,1547.17,1549.18,1559.58,1549.17,1566.42,1564.33,1851.08,1565.31,1554.45,1534.97,1536.98,1538.56,1541.48,1543.3,1537.0,1539.31,1547.12,1543.29,1541.21,1537.91,1553.07,1554.42,1567.02,1551.0,1547.99,1550.0,1560.4,1549.99,1567.24,1565.15,1851.9,1566.13,1555.28,1535.79,1537.8,1539.38,1542.31,1544.12,1537.82,1540.13,1547.94,1544.11,1542.03,1538.73,1553.89,1555.24,1567.84,1551.82,1548.82,1550.82,1561.22,1550.81,1568.07"
396c82b9-3cb7-4d41-a32e-1c7f81f97144 "2361.85,1978.14,1820.66,1745.37,1718.46,1723.86,1791.96,1994.92,2464.39,3502.82,4990.76,6656.25,8294.88,12010.99,16154.51,20822.67,20889.54,18851.85,16230.03,12258.52,10764.83,7271.68,5201.98,3323.54,2294.24,1915.1,1760.15,1686.26,1660.13,1665.96,1734.3,1937.38,2406.93,3445.41,4933.37,6598.86,8237.5,11953.62,16097.14,20765.3,20832.17,18794.49,16172.66,12201.15,10707.46,7214.31,5144.61,3266.17,2236.87,1857.73,1702.78,1628.89,1602.76,1608.59,1676.93,1880.02,2349.56,3388.04,4876.0,6541.5,8180.13,11896.25,16039.77,20707.94,20774.8,18737.12,16115.3,12143.78,10650.09,7156.94,5087.24,3208.8"
e0dd41e9-a57c-475a-bc0d-5b870f0adc26 "78.52,78.25,78.4,78.2,78.31,78.41,78.61,78.5,78.22,78.45,78.8,78.35,78.54,78.66,78.72,85.81,78.32,78.41,78.43,78.03,84.11,78.45,78.12,78.4,75.52,75.25,75.41,75.2,75.31,75.42,75.61,75.5,75.23,75.45,75.8,75.36,75.54,75.66,75.73,82.81,75.33,75.41,75.43,75.03,81.11,75.45,75.12,75.4,72.52,72.25,72.41,72.2,72.32,72.42,72.61,72.51,72.23,72.45,72.8,72.36,72.55,72.67,72.73,79.81,72.33,72.41,72.43,72.04,78.11,72.46,72.12,72.4"
583fb3ee-ab8a-477e-a69f-18451cd557af "6690.72,2718.32,272.29,0.0,139.94,757.01,1979.13,3272.57,3533.46,7729.98,8360.83,8943.28,10028.67,9541.48,9251.79,9384.76,9524.41,9244.32,9350.72,10494.84,12787.03,14863.47,13935.64,10325.0,6909.88,3030.0,523.91,12.35,167.92,760.14,2221.55,3963.08,4253.77,7416.05,8079.41,8671.33,9900.92,9478.62,9129.75,9248.59,9310.37,9021.01,9163.27,10181.79,12597.47,15033.58,14182.65,10446.71,7201.91,3370.74,831.06,216.85,352.43,930.61,2521.0,4504.59,4811.08,7413.47,8094.2,8691.06,9998.54,9611.23,9230.25,9341.36,9360.94,9066.51,9228.13,10178.66,12661.12,15291.83,14482.49,10678.73"
9d9285ce-415e-4b7f-8bad-4183a4e4063c "64.63,63.26,62.42,61.96,61.83,60.63,62.82,62.93,64.59,65.73,66.17,65.46,66.41,68.66,67.91,68.33,68.27,68.71,68.15,68.24,66.69,66.35,65.23,63.05,62.91,61.47,60.69,60.19,60.09,58.86,61.08,61.17,62.84,63.97,64.42,63.7,64.66,66.9,66.15,66.57,66.52,66.96,66.39,66.48,64.93,64.59,63.47,61.29,61.16,59.72,58.94,58.43,58.34,57.1,59.32,59.41,61.08,62.21,62.66,61.95,62.91,65.15,64.4,64.82,64.76,65.2,64.63,64.73,63.18,62.84,61.72,59.53"
d1fab258-c55b-49a2-b55e-e2e565fc068c "276.17,267.23,271.85,447.29,361.97,293.97,294.81,303.63,305.77,288.77,286.0,284.52,285.95,285.67,282.91,283.63,282.87,282.99,285.06,300.8,306.21,305.25,293.92,282.49,276.06,268.87,274.69,446.55,371.64,295.94,297.14,304.71,304.76,289.67,287.77,286.12,287.84,287.33,284.41,284.86,284.02,284.45,287.16,302.91,308.07,306.72,295.81,284.16,277.19,270.37,276.44,447.55,374.83,297.51,298.78,306.09,305.7,291.01,289.29,287.62,289.39,288.83,285.88,286.28,285.42,285.91,288.76,304.5,309.61,308.18,297.36,285.67"
e200ce28-15ca-4f38-8c9c-5dd91925b3d7 "147.73,143.21,145.45,152.3,162.29,162.78,163.47,167.44,158.48,150.13,148.4,148.82,150.95,149.37,148.33,149.54,149.26,149.98,149.95,149.64,151.17,152.11,151.55,149.34,146.85,143.53,145.99,152.88,162.88,163.37,164.07,168.04,159.08,150.73,149.0,149.41,151.55,149.97,148.93,150.13,149.86,150.57,150.55,150.24,151.77,152.7,152.14,149.93,147.44,144.12,146.59,153.48,163.48,163.97,164.66,168.63,159.67,151.33,149.59,150.01,152.15,150.57,149.52,150.73,150.45,151.17,151.14,150.83,152.36,153.3,152.74,150.53"
8bb4772f-af16-4b34-a6ea-eab6877571e1 "339.95,308.03,330.17,405.03,409.85,349.87,334.42,339.91,337.19,334.48,334.73,331.79,338.36,330.52,325.34,334.07,339.71,358.5,364.43,484.71,578.62,549.09,427.63,389.12,348.08,324.33,341.01,410.86,413.8,353.74,338.63,344.34,341.68,338.97,339.2,336.25,342.82,334.98,329.8,338.53,344.18,362.96,368.89,489.17,583.08,553.55,432.09,393.59,352.54,328.79,345.47,415.33,418.26,358.2,343.09,348.8,346.14,343.43,343.66,340.71,347.28,339.45,334.26,342.99,348.64,367.42,373.35,493.63,587.54,558.01,436.55,398.05"
650db4cd-f1c7-4424-83e9-a50c967465ef "189.58,88.32,84.1,78.32,110.51,87.87,103.21,117.01,142.19,217.32,212.28,172.53,162.92,224.32,280.25,483.83,306.63,181.42,178.93,977.12,995.2,369.15,208.67,137.59,79.86,34.68,30.45,24.68,56.87,34.23,49.57,63.37,88.55,163.68,158.64,118.89,109.28,170.68,226.61,430.19,252.99,127.78,125.29,923.48,941.56,315.51,155.03,83.95,26.22,0.0,0.0,0.0,3.23,0.0,0.0,9.73,34.91,110.03,105.0,65.25,55.63,117.03,172.96,376.55,199.34,74.13,71.65,869.83,887.91,261.87,101.39,30.31"
85d5dd60-f514-496e-bb5a-4244c8d9340e "226.95,226.46,225.57,225.07,225.11,225.61,226.38,227.67,228.4,229.55,232.88,228.43,228.33,228.5,228.73,230.31,228.33,229.59,229.47,230.91,240.43,239.72,230.65,228.13,226.78,226.35,225.53,224.97,225.07,225.31,226.3,227.3,228.68,229.1,231.14,228.3,228.45,228.38,228.85,230.68,228.41,229.9,230.03,231.34,241.73,240.16,230.86,227.87,226.74,226.31,225.51,224.94,225.04,225.23,226.27,227.21,228.73,228.99,230.75,228.26,228.47,228.34,228.86,230.75,228.42,229.95,230.14,231.42,242.0,240.25,230.89,227.8"
23691822-c65a-4c4f-95cf-5807c3d4049a "334.18,314.48,336.05,291.35,179.39,496.35,235.15,248.65,260.79,263.91,265.6,262.6,267.51,262.59,256.92,255.15,255.24,257.73,263.26,280.31,302.04,315.9,362.61,409.86,427.88,396.25,394.91,325.36,192.02,493.54,223.11,232.61,244.44,249.42,253.84,253.56,260.68,257.27,252.45,250.97,251.01,253.24,258.46,275.22,296.73,310.44,357.08,404.3,422.34,390.74,389.44,319.92,186.6,488.13,217.71,227.21,239.04,244.01,248.43,248.15,255.27,251.86,247.03,245.56,245.59,247.83,253.04,269.81,291.31,305.03,351.66,398.89"
06bc350d-2337-43b1-ab47-95a56b302061 "79.36,76.74,82.35,90.93,90.29,92.47,102.38,97.24,105.09,113.17,102.21,84.05,91.9,97.21,84.78,84.18,87.44,86.06,92.13,90.41,84.53,87.86,87.31,81.11,78.59,75.97,81.57,90.16,89.51,91.69,101.6,96.47,104.31,112.39,101.44,83.28,91.12,96.43,84.01,83.4,86.66,85.28,91.36,89.64,83.76,87.09,86.54,80.34,77.81,75.19,80.8,89.38,88.74,90.92,100.83,95.69,103.54,111.62,100.66,82.51,90.35,95.66,83.23,82.63,85.89,84.51,90.58,88.86,82.98,86.31,85.76,79.56"
02488951-da87-4317-9da2-0b1382e00fa9 "4682.33,4616.75,4760.38,4897.34,5125.63,5684.83,8374.77,10735.67,10458.04,10286.76,9646.71,10125.65,10655.14,10695.54,9598.49,8840.24,9751.39,10568.35,10573.16,10762.54,10000.64,9393.63,8010.72,6726.75,6268.09,5994.81,5894.45,5839.12,5936.34,6412.81,9053.02,11385.02,11091.02,10910.65,10265.64,10741.91,11269.98,11309.64,10212.2,9453.75,10364.8,11181.71,11186.49,11375.85,10613.95,10006.94,8624.02,7340.05,6881.39,6608.12,6507.75,6452.42,6549.64,7026.12,9666.32,11998.32,11704.32,11523.95,10878.95,11355.22,11883.29,11922.94,10825.5,10067.06,10978.11,11795.01,11799.8,11989.16,11227.26,10620.24,9237.33,7953.36"
a4062a10-601c-44c0-96fb-ffe307a98b4e "7148.54,8235.76,7191.81,7015.75,6930.82,7387.5,8531.86,9231.38,13329.16,27901.87,32153.85,28431.22,26448.94,26931.7,34732.6,30240.74,21536.26,20526.01,19098.53,23922.11,34822.17,30979.07,20974.14,10377.22,7082.21,7582.53,6677.61,6808.0,6651.13,7019.43,7938.06,8683.52,12202.61,24368.35,28274.46,25591.22,24044.34,24083.52,30377.71,27242.21,20397.06,19552.21,18411.55,23803.63,34357.73,29501.54,20040.69,10633.68,7354.52,7545.12,6713.56,7005.68,6810.85,7132.5,7932.02,8701.72,11915.41,22810.89,26534.47,24399.76,23082.66,22887.75,28386.78,25967.09,20103.17,19345.62,18356.33,24048.43,34419.95,29029.12,19855.39,11076.35"
d0a17616-7299-4767-9f38-1e03b44bc96f "192.38,189.87,189.35,189.24,188.63,187.3,187.24,187.28,188.58,194.63,198.96,197.91,191.51,190.74,197.93,199.49,199.11,198.09,192.32,192.85,192.89,191.73,191.07,189.87,190.46,188.2,187.83,187.81,187.26,185.97,185.93,185.99,187.29,193.34,197.68,196.63,190.23,189.47,196.66,198.22,197.83,196.82,191.05,191.58,191.62,190.46,189.8,188.6,189.18,186.93,186.56,186.54,185.99,184.7,184.66,184.72,186.02,192.07,196.41,195.36,188.96,188.19,195.39,196.95,196.56,195.55,189.77,190.3,190.34,189.19,188.53,187.33"
e03aded7-68f3-4776-8477-2ab88248fee3 "594.39,611.91,587.23,579.72,613.31,595.65,581.1,582.97,592.09,626.27,659.46,655.43,647.45,691.14,700.66,716.47,745.45,721.1,671.18,700.16,696.7,681.74,653.87,608.75,592.42,610.67,586.34,579.54,611.55,595.69,582.0,582.98,604.11,631.72,656.94,653.93,648.06,688.9,700.61,712.32,736.78,715.09,668.2,696.69,694.6,677.21,649.19,608.08,591.08,609.22,584.83,577.93,610.18,594.04,580.22,581.33,600.64,629.25,655.68,652.52,646.32,687.59,698.97,711.31,736.46,714.36,667.01,695.58,693.28,676.26,648.26,606.54"
230627d0-8fea-4a7e-94ca-60d46daa3d87 "1138.95,1223.74,1174.67,1155.91,1116.97,1113.44,1108.23,1115.34,1117.23,1162.46,1156.99,1157.82,1154.89,1159.13,1134.03,1147.08,1185.88,1179.15,1165.68,1155.71,1191.94,1189.17,1167.5,1155.45,1139.68,1211.3,1179.11,1148.48,1120.66,1108.15,1110.75,1111.32,1118.78,1159.3,1157.83,1155.27,1155.23,1157.02,1133.99,1145.29,1185.57,1177.58,1165.18,1154.3,1191.31,1187.88,1166.76,1154.25,1138.88,1210.15,1178.25,1147.38,1119.76,1107.08,1109.82,1110.27,1117.84,1158.27,1156.88,1154.25,1154.26,1156.01,1133.02,1144.28,1184.59,1176.58,1164.2,1153.3,1190.32,1186.88,1165.78,1153.25"
43203817-e16c-41ec-81e2-e905ce9718ff "171.13,168.1,166.1,164.13,165.5,165.55,167.49,170.23,173.64,175.26,178.26,178.55,174.76,176.02,177.94,176.96,177.16,179.81,174.37,177.24,187.19,188.56,175.98,172.29,170.7,169.14,167.14,165.17,166.55,166.59,168.53,171.27,174.69,176.3,179.3,179.6,175.81,177.07,178.98,178.0,178.2,180.85,175.41,178.29,188.23,189.61,177.02,173.33,171.74,170.19,168.18,166.21,167.59,167.64,169.57,172.31,175.73,177.35,180.35,180.64,176.85,178.11,180.03,179.04,179.24,181.9,176.46,179.33,189.27,190.65,178.06,174.37"
07cc9cd9-2113-4d11-9d40-f7f4b28918e1 "230.65,234.37,227.12,228.17,228.26,227.82,231.75,232.78,239.18,246.9,248.89,253.03,262.89,279.1,271.55,258.84,246.65,247.48,244.88,245.29,246.1,246.1,242.49,235.93,226.51,230.84,223.88,225.06,225.21,224.8,228.75,229.78,236.19,243.91,245.9,250.04,259.89,276.11,268.55,255.85,243.66,244.49,241.89,242.29,243.1,243.11,239.49,232.94,223.52,227.85,220.88,222.06,222.22,221.81,225.76,226.79,233.2,240.92,242.9,247.05,256.9,273.11,265.56,252.86,240.67,241.5,238.9,239.3,240.11,240.12,236.5,229.94"
286e0cf9-c67c-4a5a-ab52-c605ec12e16b "224.61,186.58,154.82,144.59,148.79,272.97,190.85,241.78,272.58,313.54,355.33,348.02,321.17,318.73,365.18,348.4,362.34,362.59,309.34,306.43,319.33,331.49,327.29,291.03,236.1,185.91,162.28,146.74,151.41,217.1,192.55,239.01,267.56,309.46,345.55,344.58,317.35,320.26,343.53,343.65,356.53,344.21,310.93,313.26,322.04,334.92,336.96,288.03,228.18,183.63,156.23,143.16,147.6,240.43,189.17,237.7,267.3,308.76,347.5,343.58,316.53,316.96,350.99,343.26,356.64,350.15,307.6,307.5,318.19,330.74,329.88,286.83"
420c7a21-e53f-4b13-b03c-9c38406941a9 "130.97,39.94,64.65,47.77,39.05,45.66,47.61,36.77,38.38,40.38,61.72,75.41,83.71,76.17,83.71,59.29,61.61,74.91,54.07,75.75,55.46,72.0,37.54,36.63,113.72,25.52,51.45,35.1,26.6,33.3,35.29,24.47,26.09,28.1,49.43,63.13,71.43,63.89,71.43,47.01,49.32,62.63,41.79,63.47,43.18,59.71,25.25,24.35,101.43,13.24,39.17,22.81,14.31,21.02,23.01,12.19,13.81,15.81,37.15,50.85,59.14,51.6,59.15,34.73,37.04,50.35,29.51,51.19,30.9,47.43,12.97,12.06"
bfb749e5-1271-4c35-8a59-dd8d227a31f1 "191.19,225.45,253.15,232.09,214.49,187.96,183.0,164.69,167.46,182.34,204.34,224.92,236.53,256.34,254.73,225.68,230.45,240.66,210.5,218.32,204.36,218.89,200.21,195.01,217.64,241.74,263.31,238.78,219.28,191.71,186.18,167.57,170.17,184.96,206.91,227.46,239.06,258.86,257.25,228.19,232.97,243.17,213.01,220.83,206.88,221.4,202.72,197.52,220.16,244.25,265.82,241.3,221.79,194.22,188.69,170.08,172.68,187.47,209.42,229.97,241.57,261.38,259.76,230.7,235.48,245.68,215.52,223.35,209.39,223.92,205.23,200.03"
297eac34-baa1-4883-b4af-3b5e163d7649 "384.91,380.07,379.24,377.8,376.29,378.06,374.96,376.16,379.61,380.04,383.24,386.34,386.08,385.97,386.5,386.28,384.34,386.15,386.82,388.84,390.33,390.86,391.6,390.74,385.2,380.64,379.37,377.36,377.03,377.86,375.06,376.32,379.84,380.72,383.21,386.57,386.5,386.34,386.84,386.69,384.79,386.07,386.78,388.75,390.37,390.68,391.37,390.8,385.29,380.69,379.49,377.57,377.05,378.03,375.18,376.43,379.94,380.75,383.35,386.67,386.57,386.41,386.92,386.76,384.86,386.22,386.92,388.9,390.5,390.85,391.55,390.93"
3ad1a1cc-41a8-4dfa-aecf-f09339e4a363 "843.52,829.63,829.38,832.89,835.98,828.8,836.48,834.13,837.85,852.94,854.05,863.22,848.51,859.56,864.61,848.49,844.24,838.61,831.28,848.62,849.27,838.15,829.31,839.35,838.7,824.82,824.57,828.07,831.16,823.99,831.67,829.32,833.04,848.12,849.24,858.41,843.7,854.74,859.8,843.68,839.43,833.8,826.46,843.81,844.46,833.33,824.5,834.54,833.89,820.0,819.76,823.26,826.35,819.17,826.86,824.5,828.22,843.31,844.42,853.59,838.88,849.93,854.99,838.87,834.62,828.99,821.65,839.0,839.64,828.52,819.69,829.72"
8c61da8f-52c7-4a89-8895-7874c2037cce "44.75,32.41,28.32,27.31,26.59,26.71,27.92,28.06,31.05,32.03,39.41,53.14,66.71,76.47,84.81,95.31,92.88,91.05,94.08,102.63,99.67,100.38,84.77,70.39,43.59,31.25,27.17,26.15,25.44,25.56,26.77,26.9,29.89,30.87,38.25,51.98,65.56,75.31,83.65,94.16,91.73,89.89,92.92,101.47,98.51,99.23,83.62,69.23,42.44,30.09,26.01,24.99,24.28,24.4,25.61,25.75,28.74,29.71,37.1,50.82,64.4,74.16,82.49,93.0,90.57,88.73,91.77,100.32,97.35,98.07,82.46,68.08"
ab066aba-7abf-4e5e-b855-f4cc0d932804 "306.79,300.37,301.3,328.76,311.34,315.64,327.26,347.68,403.24,508.76,523.68,489.59,437.53,442.78,463.78,484.58,481.24,453.4,418.59,461.51,455.26,414.32,381.38,353.44,326.09,310.43,306.54,331.48,312.73,316.34,327.6,347.83,403.3,508.76,523.65,489.55,437.48,442.73,463.72,484.52,481.19,453.34,418.53,461.46,455.2,414.26,381.32,353.38,326.03,310.38,306.48,331.42,312.68,316.28,327.54,347.78,403.24,508.7,523.59,489.49,437.43,442.67,463.67,484.47,481.13,453.29,418.48,461.4,455.15,414.21,381.26,353.33"
d02c9a86-2400-4dec-b11f-0035235df287 "59.35,59.08,57.01,57.65,56.54,56.93,57.03,56.9,58.74,62.48,65.65,64.7,63.87,64.49,64.56,63.76,64.43,63.79,63.28,63.59,62.71,62.57,62.25,61.38,60.38,59.89,57.67,58.22,57.05,57.4,57.46,57.32,59.14,62.88,66.04,65.09,64.26,64.87,64.94,64.14,64.81,64.18,63.66,63.97,63.09,62.95,62.63,61.76,60.76,60.27,58.05,58.6,57.43,57.78,57.84,57.7,59.52,63.26,66.42,65.47,64.64,65.25,65.32,64.52,65.2,64.56,64.05,64.35,63.47,63.33,63.01,62.14"
61f1b89e-ed5b-420d-8750-7eb3a42af251 "2628.11,2946.52,2375.16,2279.89,2297.17,2475.65,2706.36,2901.44,3238.21,3276.35,3265.21,3288.83,3393.5,3505.35,3711.69,3943.38,3910.71,3728.89,3584.42,3577.59,3695.68,3597.63,2992.7,2717.13,2785.15,3153.7,2582.33,2487.06,2504.35,2682.83,2913.54,3108.62,3445.38,3483.52,3472.38,3496.0,3600.68,3712.53,3918.86,4150.55,4117.89,3936.07,3791.59,3784.77,3902.86,3804.81,3199.88,2924.31,2992.33,3360.88,2789.51,2694.24,2711.52,2890.0,3120.71,3315.79,3652.56,3690.7,3679.56,3703.18,3807.85,3919.7,4126.04,4357.73,4325.07,4143.24,3998.77,3991.95,4110.03,4011.98,3407.05,3131.48"
5037c159-f289-40a4-beb6-156f96ca9ce5 "388.87,240.91,231.99,225.54,222.52,226.86,224.45,251.64,378.26,505.75,542.23,465.99,430.34,490.36,538.93,640.63,839.71,600.42,552.16,1160.89,1059.6,1031.17,1075.55,1016.85,447.27,277.22,258.76,248.18,243.38,246.95,244.21,271.26,397.81,525.28,561.74,485.5,449.85,509.87,558.44,660.14,859.21,619.93,571.67,1180.39,1079.11,1050.68,1095.06,1036.35,466.78,296.73,278.27,267.69,262.89,266.46,263.72,290.76,417.32,544.78,581.25,505.01,469.36,529.38,577.94,679.64,878.72,639.44,591.17,1199.9,1098.62,1070.19,1114.56,1055.86"
94ef1d46-46b6-4b39-a0c3-497472af8ff7 "13368.45,13132.71,13026.73,13304.17,12946.22,12976.98,15626.12,13588.13,14530.08,14703.1,15075.63,15255.58,15419.13,15058.73,15101.24,15218.22,14880.43,14924.83,14701.39,14577.15,14530.75,14394.43,14253.15,13231.52,13354.39,13105.02,12999.09,13278.33,12919.48,12950.45,15599.6,13561.58,14503.54,14676.56,15049.09,15229.04,15392.59,15032.19,15074.7,15191.68,14853.88,14898.29,14674.85,14550.61,14504.21,14367.89,14226.61,13204.98,13327.84,13078.48,12972.55,13251.79,12892.94,12923.91,15573.06,13535.04,14477.0,14650.02,15022.55,15202.5,15366.05,15005.65,15048.16,15165.14,14827.34,14871.75,14648.31,14524.07,14477.67,14341.34,14200.07,13178.44"
4318f21d-c4a1-48b3-86d7-684e56912be9 "367.7,362.73,906.28,380.1,385.72,399.4,425.82,437.14,456.18,519.07,1055.99,1198.35,1217.41,1392.26,1671.28,1618.15,1488.99,1292.22,1241.64,1379.61,1420.22,937.54,588.36,467.81,473.18,460.02,997.19,465.83,467.16,477.29,500.76,509.61,526.61,587.8,1123.3,1264.48,1282.57,1456.6,1734.94,1681.25,1551.62,1354.46,1303.55,1441.26,1481.64,998.77,649.44,528.75,534.02,520.77,1057.87,526.44,527.72,537.8,561.24,570.06,587.04,648.21,1183.69,1324.86,1342.93,1516.95,1795.29,1741.58,1611.95,1414.79,1363.88,1501.58,1541.96,1059.09,709.75,589.07"
b0409257-0346-47f9-b219-fe34a2790b9b "66.37,63.42,65.55,64.26,62.33,62.12,62.21,62.83,66.24,69.61,71.16,70.24,70.09,68.29,71.78,69.36,71.83,70.93,69.91,68.73,68.46,68.52,67.45,64.78,64.82,61.97,64.15,62.91,61.01,60.83,60.93,61.56,64.98,68.35,69.9,68.99,68.85,67.04,70.54,68.11,70.59,69.69,68.67,67.48,67.22,67.28,66.21,63.53,63.58,60.72,62.91,61.67,59.77,59.58,59.68,60.32,63.74,67.11,68.66,67.75,67.6,65.8,69.29,66.87,69.34,68.44,67.42,66.24,65.98,66.04,64.96,62.29"
f7b58aa6-c652-49ef-b113-918c65bd44b3 "44.92,25.89,22.26,26.03,35.32,31.96,49.83,72.02,79.44,94.18,105.42,109.45,116.03,113.49,112.05,133.45,136.02,147.64,126.22,119.3,146.55,90.93,72.83,48.2,23.26,4.55,1.67,5.16,14.31,11.06,28.94,51.1,58.52,73.28,84.51,88.54,95.12,92.58,91.13,112.54,115.11,126.73,105.31,98.39,125.64,70.02,51.92,27.29,2.35,0.0,0.0,0.0,0.0,0.0,8.03,30.19,37.61,52.37,63.6,67.63,74.21,71.67,70.22,91.63,94.2,105.82,84.4,77.48,104.73,49.11,31.01,6.38"
ad32cba7-5559-48e9-b193-f820790c812a "177.7,108.27,88.0,73.99,65.75,62.57,62.99,73.37,101.26,132.5,148.39,158.83,142.08,142.63,149.73,143.07,141.44,131.77,130.9,127.87,135.22,146.47,169.68,159.16,178.01,113.13,92.64,80.15,72.66,69.94,70.01,80.28,106.55,134.64,148.89,157.45,143.62,144.41,151.06,145.4,146.84,136.38,134.89,131.97,139.15,151.0,174.44,162.95,181.64,118.15,97.59,85.56,78.3,75.72,75.68,85.92,111.7,138.82,152.58,160.55,147.62,148.49,155.0,149.65,152.02,141.32,139.65,136.76,143.88,155.91,179.43,167.64"
17cf7aca-35d2-4d3c-966a-1e436e9da42f "517.72,418.73,367.8,352.41,330.42,319.67,339.21,353.73,406.73,530.58,565.73,527.36,452.23,509.52,578.47,587.27,594.79,558.82,540.99,556.05,606.97,643.11,595.5,565.63,441.79,366.7,329.66,322.35,305.06,297.04,318.17,333.6,387.14,511.3,546.64,508.37,433.3,490.62,559.6,568.41,575.94,539.97,522.15,537.2,588.12,624.27,576.65,546.79,422.95,347.86,310.82,303.51,286.22,278.19,299.32,314.76,368.3,492.46,527.79,489.53,414.46,471.78,540.76,549.57,557.1,521.12,503.3,518.36,569.28,605.43,557.81,527.94"
e6fdd9d7-2a8c-4134-bfda-338ca96e8b42 "6537.74,6680.05,6343.34,6486.11,6283.77,6294.06,6441.68,6396.52,6390.24,6386.94,6245.86,6676.6,5662.87,5320.82,4826.27,4659.95,4508.55,4779.28,5019.69,5898.09,6496.81,6735.82,6935.18,6700.88,6666.14,6684.43,6418.71,6467.73,6384.48,6426.83,6632.47,6587.68,6574.9,6555.85,6440.28,6844.06,5826.04,5488.51,4979.59,4823.1,4678.93,4962.59,5223.7,5972.68,6598.44,6822.13,7035.81,6793.44,6778.31,6753.07,6512.45,6528.59,6486.95,6540.1,6766.09,6721.22,6706.37,6681.72,6575.1,6969.44,5950.03,5613.99,5100.15,4947.02,4805.39,5093.49,5361.81,6065.94,6701.1,6919.45,7138.11,6892.93"
61412610-9fd5-4ec6-86e9-ba6913dfa9d4 "38.51,37.2,37.86,37.68,36.96,36.3,36.83,36.96,37.22,38.98,41.77,41.98,41.21,41.46,43.87,46.24,46.51,44.65,42.31,42.93,40.5,41.24,43.63,41.3,39.42,38.11,38.76,38.61,37.84,37.17,37.51,37.54,37.88,39.91,42.86,43.25,42.42,42.54,45.79,47.61,47.05,45.35,42.48,43.17,41.53,42.48,44.08,41.94,39.99,38.67,39.32,39.17,38.4,37.71,37.99,37.99,38.37,40.47,43.48,43.92,43.08,43.15,46.67,48.32,47.5,45.85,42.81,43.52,42.13,43.15,44.5,42.41"
63f8082a-8763-4454-bb18-befb68a6888d "1057.52,1041.07,1038.98,1052.71,1044.43,1034.22,1036.96,1049.82,1097.46,1055.59,1073.41,1050.51,1037.37,1048.78,1044.86,1046.13,1039.68,1087.04,1070.05,1046.41,1106.6,1041.02,1040.01,1045.1,1054.98,1039.49,1038.68,1050.02,1042.35,1034.96,1035.41,1041.68,1096.81,1051.09,1066.34,1052.81,1038.79,1047.81,1041.82,1045.05,1040.26,1070.52,1064.26,1041.81,1107.32,1035.75,1040.69,1045.46,1054.75,1038.96,1037.74,1049.85,1041.98,1033.68,1034.87,1043.25,1095.98,1051.49,1067.56,1051.04,1037.3,1047.08,1041.76,1044.36,1039.04,1074.77,1065.07,1042.24,1106.05,1036.4,1039.43,1044.31"
abf06b16-9024-4972-9f6a-23825405ef47 "2468.31,2461.21,2455.59,2448.05,2444.44,2434.8,2426.17,2431.54,2453.08,2535.02,2549.82,2515.92,2482.19,2497.07,2527.96,2535.71,2511.83,2501.82,2515.51,2458.1,2466.98,2456.23,2457.44,2453.5,2456.95,2452.48,2444.92,2436.33,2433.08,2423.8,2415.12,2420.39,2441.92,2523.89,2538.7,2504.79,2471.06,2485.94,2516.83,2524.58,2500.7,2490.69,2504.38,2446.97,2455.86,2445.1,2446.31,2442.37,2445.82,2441.35,2433.79,2425.2,2421.95,2412.67,2403.99,2409.26,2430.79,2512.76,2527.57,2493.66,2459.93,2474.81,2505.7,2513.45,2489.58,2479.56,2493.25,2435.84,2444.73,2433.97,2435.18,2431.24"
bbf264fb-565a-4640-b502-34b6f442d369 "276.75,281.94,274.41,277.02,275.88,276.77,284.33,287.7,289.49,289.79,289.37,289.26,288.49,291.7,292.61,289.87,291.16,293.03,288.54,289.71,285.19,288.38,288.92,282.49,275.73,280.56,274.57,276.64,275.58,276.13,284.26,287.01,290.06,290.25,290.47,289.8,288.29,290.65,291.95,290.77,291.78,293.39,287.73,289.88,285.72,289.07,290.04,282.67,275.99,281.0,274.25,276.59,275.49,276.21,284.05,287.11,289.54,289.79,289.69,289.3,288.16,290.93,292.03,290.09,291.24,292.98,287.89,289.56,285.23,288.5,289.25,282.34"
01f0df43-1f65-4ae5-b99c-822474b47572 "206.26,205.96,204.92,204.81,203.85,204.47,204.89,206.69,208.36,208.91,207.6,207.7,207.19,207.98,208.55,208.82,207.96,208.32,207.25,207.72,207.27,207.31,205.96,206.41,205.44,204.95,204.1,203.82,203.02,203.48,204.07,205.72,207.53,207.94,206.76,206.74,206.34,207.02,207.7,207.87,207.1,207.37,206.39,206.77,206.41,206.37,205.1,205.47,204.58,204.01,203.23,202.88,202.15,202.55,203.19,204.79,206.65,207.01,205.88,205.82,205.46,206.1,206.81,206.95,206.22,206.46,205.5,205.86,205.52,205.46,204.21,204.56"
7928e882-dc83-4e9c-a720-d2caf514b0f0 "478.45,477.12,477.73,476.43,474.42,469.52,470.99,472.24,474.53,480.75,486.94,488.1,484.93,488.54,489.05,486.92,486.64,488.17,484.07,482.96,485.62,482.6,480.31,479.65,475.53,474.85,475.92,474.94,473.16,468.4,469.98,471.31,473.65,479.91,486.12,487.3,484.14,487.75,488.27,486.15,485.87,487.4,483.3,482.2,484.86,481.83,479.55,478.89,474.76,474.09,475.16,474.17,472.39,467.64,469.22,470.55,472.89,479.14,485.36,486.53,483.38,486.99,487.51,485.38,485.11,486.64,482.54,481.43,484.09,481.07,478.78,478.12"
aeb680cc-c431-4cd9-8c43-c8a6f5809c01 "53.86,46.3,45.14,47.15,49.99,60.46,77.15,80.69,72.23,75.89,75.22,75.07,95.52,76.86,81.89,69.54,77.85,90.16,91.49,95.96,108.98,97.61,77.34,56.72,48.34,44.75,43.83,44.56,48.71,58.47,75.51,77.1,69.56,77.51,74.79,75.82,95.71,71.86,74.94,68.02,74.31,88.38,89.74,93.58,120.01,101.0,75.15,57.73,47.18,42.26,41.26,42.42,46.13,56.13,73.05,75.3,67.44,73.97,71.93,72.57,92.65,70.52,74.25,65.53,72.49,85.97,87.32,91.37,113.34,96.87,72.87,54.4"
438bb06b-8bc3-4ef2-a1a2-a691ed1ecc20 "4002.68,5145.86,5152.18,5175.94,5150.64,5158.22,5153.93,5146.16,5195.22,5760.71,5762.75,5371.99,5287.07,5306.14,5108.93,4469.24,5038.78,5008.2,6011.35,6056.59,5983.48,5275.98,4805.03,3190.27,4804.52,5273.92,5276.11,5285.47,5274.66,5277.37,5275.2,5271.59,5291.35,5523.34,5523.77,5362.77,5327.46,5334.89,5253.43,4990.13,5223.79,5210.81,5622.67,5640.86,5610.4,5319.23,5125.27,4461.24,5124.25,5316.75,5317.25,5320.68,5315.83,5316.54,5315.24,5313.35,5321.06,5416.0,5415.77,5349.19,5334.28,5336.92,5303.04,5194.42,5290.04,5284.3,5453.16,5460.22,5447.3,5327.23,5247.11,4973.81"
a25fb90a-98c2-48ae-ad70-13f9b06c60ba "196.53,196.29,196.39,194.78,194.56,193.97,194.17,194.43,195.44,201.46,205.3,204.85,199.28,197.62,204.35,205.65,202.89,203.0,198.9,199.14,199.1,198.9,197.63,196.99,197.26,196.89,196.94,195.32,195.09,194.5,194.69,194.95,195.96,201.98,205.82,205.37,199.8,198.14,204.88,206.17,203.42,203.53,199.42,199.66,199.62,199.43,198.15,197.52,197.78,197.42,197.47,195.84,195.61,195.02,195.22,195.47,196.49,202.51,206.34,205.89,200.33,198.66,205.4,206.7,203.94,204.05,199.95,200.18,200.15,199.95,198.67,198.04"
5afa4cbd-c268-4626-a9a2-2da50010bc14 "95.28,98.03,103.98,124.38,139.58,134.52,135.61,133.29,125.7,134.9,117.72,111.08,109.27,93.75,88.14,90.38,93.7,97.79,108.23,101.36,98.59,88.61,92.89,92.96,104.29,113.56,116.03,126.85,134.66,129.96,137.99,142.95,137.18,141.95,118.3,108.51,108.95,98.7,96.85,98.56,97.97,98.25,107.97,103.7,104.39,95.91,98.78,95.96,105.4,115.13,119.79,132.6,140.64,134.45,140.63,144.89,139.99,146.32,123.63,113.49,112.71,101.43,99.54,102.1,102.49,103.09,112.29,107.16,107.38,99.15,102.69,100.4"
1d62593d-98de-448b-87f3-9dacc1fe3b19 "523.36,488.36,498.4,487.12,461.73,448.27,456.18,463.38,473.78,478.91,485.01,495.67,521.42,536.6,496.15,493.4,502.78,509.98,517.64,520.86,524.66,528.87,518.14,510.39,507.06,486.67,504.39,494.86,468.93,454.74,462.29,469.42,479.85,485.02,491.13,501.8,527.54,542.72,502.27,499.52,508.9,516.1,523.76,526.98,530.78,534.99,524.26,516.51,513.18,492.79,510.51,500.98,475.05,460.86,468.4,475.54,485.97,491.14,497.25,507.92,533.66,548.84,508.39,505.64,515.02,522.22,529.88,533.1,536.9,541.11,530.38,522.63"
674cf614-e840-4b08-9102-dc4831e7ec97 "118.76,112.66,112.57,112.1,112.26,106.96,108.38,114.84,120.58,117.7,117.91,116.91,118.99,118.83,116.8,118.73,123.75,125.97,119.8,117.01,116.14,117.62,116.57,115.49,116.0,112.18,112.09,111.62,111.78,106.48,107.9,114.36,120.1,117.22,117.43,116.43,118.51,118.34,116.32,118.25,123.27,125.49,119.32,116.53,115.66,117.14,116.09,115.01,115.52,111.69,111.61,111.14,111.3,106.0,107.42,113.88,119.62,116.74,116.94,115.95,118.03,117.86,115.84,117.77,122.79,125.01,118.84,116.05,115.18,116.66,115.61,114.53"
f08dbde2-c3ab-4f11-83ab-57f9fcd688c6 "842.42,850.51,854.63,836.79,834.73,836.15,837.11,838.67,841.97,852.46,866.85,894.39,850.8,846.82,896.36,862.88,887.75,870.13,873.98,854.04,871.33,888.26,864.46,849.92,841.97,851.66,856.03,838.23,836.18,837.6,838.56,840.13,843.42,853.91,868.3,895.84,852.26,848.27,897.81,864.33,889.21,871.59,875.43,855.5,872.79,889.71,865.91,851.37,843.42,853.11,857.49,839.68,837.63,839.05,840.01,841.58,844.88,855.36,869.75,897.29,853.71,849.72,899.27,865.79,890.66,873.04,876.88,856.95,874.24,891.16,867.36,852.83"
2e248334-532d-4dfc-bf0f-c07fe667bd71 "30.36,30.68,30.33,29.99,29.83,29.72,30.04,30.48,30.52,30.74,30.78,30.98,30.88,31.01,30.75,30.54,30.76,30.63,30.61,30.84,31.17,30.98,30.5,30.4,30.24,30.64,30.32,29.99,29.83,29.72,30.04,30.48,30.53,30.74,30.78,30.98,30.89,31.02,30.75,30.54,30.76,30.63,30.61,30.84,31.17,30.98,30.5,30.4,30.24,30.64,30.32,29.99,29.83,29.72,30.04,30.48,30.53,30.74,30.78,30.98,30.89,31.02,30.75,30.54,30.76,30.63,30.61,30.84,31.17,30.98,30.5,30.4"
a9842951-a198-4221-abe9-53860b3fdcb3 "164.25,161.77,160.01,159.07,160.01,158.3,159.93,162.73,167.25,169.18,169.88,171.67,168.25,167.94,172.01,171.29,173.1,169.11,168.1,167.1,167.72,167.13,167.25,164.44,162.19,160.75,159.35,158.75,159.76,158.17,159.81,162.65,167.17,169.12,169.82,171.62,168.19,167.89,171.95,171.24,173.03,169.05,168.04,167.04,167.66,167.07,167.19,164.38,162.13,160.69,159.29,158.69,159.7,158.11,159.75,162.59,167.11,169.06,169.76,171.56,168.13,167.83,171.89,171.18,172.98,168.99,167.98,166.98,167.6,167.01,167.13,164.32"
b574c728-d02c-43a7-8829-9d47313fe962 "104.18,100.89,101.24,106.9,109.42,110.13,114.2,113.64,115.45,119.82,117.79,130.51,130.82,122.33,115.89,111.99,114.08,116.65,106.24,109.14,101.9,104.78,100.63,99.79,99.21,98.11,98.32,105.31,107.44,109.04,112.67,112.73,114.14,118.97,116.6,129.67,129.7,121.48,114.81,111.13,113.03,115.77,105.21,108.24,100.89,103.88,99.63,98.87,98.22,97.19,97.34,104.38,106.46,108.1,111.7,111.79,113.17,118.03,115.63,128.72,128.73,120.54,113.84,110.18,112.07,114.82,104.25,107.29,99.93,102.93,98.67,97.92"
a508f764-de90-466c-a229-037d9d2a0276 "315.81,311.26,309.68,307.71,309.06,320.78,324.15,329.67,335.79,337.52,344.27,338.81,316.43,309.94,313.32,311.96,323.14,314.29,312.76,313.2,314.83,325.38,321.74,315.09,313.87,309.52,308.11,306.26,307.71,319.5,322.93,328.49,334.63,336.38,343.15,337.7,315.33,308.85,312.24,310.88,322.06,313.21,311.68,312.12,313.75,324.3,320.66,314.01,312.8,308.44,307.03,305.19,306.64,318.43,321.85,327.41,333.56,335.31,342.07,336.63,314.26,307.77,311.16,309.8,320.99,312.14,310.6,311.04,312.68,323.23,319.59,312.94"
7e266947-30cf-4384-9af9-867716e38883 "371.34,365.51,372.78,386.49,372.67,376.34,379.35,375.01,402.78,403.3,397.53,390.01,389.21,394.61,390.72,390.67,386.59,386.85,381.29,377.15,388.63,377.69,380.85,374.76,370.85,365.95,373.53,387.35,373.56,377.24,380.26,375.92,403.68,404.21,398.44,390.92,390.12,395.51,391.63,391.57,387.5,387.75,382.2,378.06,389.54,378.6,381.76,375.67,371.76,366.85,374.44,388.25,374.47,378.14,381.16,376.82,404.59,405.11,399.34,391.83,391.03,396.42,392.53,392.48,388.41,388.66,383.1,378.96,390.44,379.51,382.67,376.58"
7845f591-4f25-40c7-b207-bc69268d772f "2141.24,2147.56,2098.52,2109.41,2090.05,2081.75,2105.69,2139.04,2166.32,2192.5,2210.63,2236.54,2230.96,2262.61,2223.8,2237.09,2222.0,2219.45,2217.46,2221.83,2217.98,2203.21,2183.28,2153.72,2137.46,2143.77,2094.73,2105.62,2086.26,2077.96,2101.91,2135.25,2162.54,2188.72,2206.85,2232.76,2227.18,2258.82,2220.01,2233.3,2218.22,2215.67,2213.68,2218.04,2214.2,2199.43,2179.49,2149.94,2133.68,2139.99,2090.95,2101.84,2082.48,2074.18,2098.12,2131.47,2158.75,2184.94,2203.07,2228.97,2223.39,2255.04,2216.23,2229.52,2214.43,2211.89,2209.9,2214.26,2210.42,2195.65,2175.71,2146.16"
7f763e3d-f9df-4736-bf49-e3b8d1d4704b "46.07,0.0,0.0,0.0,0.0,0.0,0.0,0.0,77.18,36.87,0.0,6.59,0.0,0.0,0.0,85.72,93.6,4.11,9.51,50.9,0.0,0.0,0.0,0.0,0.0,0.0,0.0,0.0,0.0,0.0,0.0,0.0,0.0,0.0,0.0,0.0,0.0,0.0,0.0,0.0,0.0,0.0,0.0,0.0,0.0,0.0,0.0,0.0,0.0,0.0,0.0,0.0,0.0,0.0,0.0,0.0,0.0,0.0,0.0,0.0,0.0,0.0,0.0,0.0,0.0,0.0,0.0,0.0,0.0,0.0,0.0,0.0"
df2d8690-7754-41d1-90b0-cc81884f8b64 "1050.53,909.18,845.96,836.14,880.31,1071.53,1354.9,1468.24,1449.15,1427.59,1440.41,1414.42,1444.92,1443.87,1429.49,1451.92,1438.41,1467.96,1507.05,1658.88,1793.18,1865.61,1653.03,1317.33,1045.32,906.96,845.45,836.61,881.33,1072.87,1356.42,1469.87,1450.84,1429.3,1442.15,1416.17,1446.68,1445.62,1431.24,1453.67,1440.17,1469.72,1508.8,1660.64,1794.94,1867.37,1654.79,1319.09,1047.08,908.72,847.21,838.37,883.09,1074.63,1358.18,1471.63,1452.6,1431.06,1443.91,1417.93,1448.44,1447.38,1433.0,1455.43,1441.93,1471.48,1510.56,1662.4,1796.7,1869.13,1656.55,1320.84"
fc05243c-7884-43e6-bbca-60599ab57bd8 "1751.85,1674.41,1640.39,1621.97,1621.37,1620.82,1675.31,1736.59,1815.38,1939.96,2025.19,2025.08,1956.32,1959.96,2017.13,2040.12,2095.3,2037.99,1971.11,1948.83,1949.34,1964.04,1947.54,1866.96,1750.7,1677.65,1646.28,1629.44,1629.8,1629.82,1684.65,1746.14,1825.06,1949.72,2034.99,2034.9,1966.16,1969.82,2026.99,2049.98,2105.16,2047.85,1980.97,1958.69,1959.2,1973.91,1957.41,1876.82,1760.57,1687.52,1656.15,1639.31,1639.67,1639.69,1694.52,1756.0,1834.93,1959.58,2044.86,2044.77,1976.03,1979.68,2036.85,2059.85,2115.03,2057.72,1990.84,1968.56,1969.07,1983.77,1967.27,1886.69"
51badd1e-bd8c-477d-89ff-eae9ca09bde5 "22.46,15.83,17.67,16.73,17.03,17.99,18.88,18.57,19.36,19.68,20.27,20.57,20.35,20.12,21.09,21.15,21.14,20.89,20.11,19.22,19.03,18.69,17.33,16.7,24.31,17.15,18.52,17.24,17.3,18.12,18.92,18.56,19.32,19.63,20.21,20.5,20.28,20.05,21.02,21.08,21.08,20.82,20.05,19.15,18.96,18.62,17.26,16.63,24.24,17.08,18.46,17.17,17.23,18.05,18.85,18.49,19.25,19.56,20.14,20.43,20.21,19.98,20.95,21.01,21.01,20.75,19.98,19.08,18.9,18.55,17.19,16.56"
ab69d1a9-7592-4c7c-9f47-6c6b6b8261bd "1085.7,1080.78,1080.06,1089.77,1089.84,1077.37,1076.57,1078.33,1084.9,1086.75,1088.96,1089.12,1083.65,1082.65,1090.7,1090.54,1106.09,1089.52,1081.52,1081.71,1082.88,1080.92,1078.26,1081.42,1076.96,1077.08,1077.09,1087.62,1088.53,1073.99,1073.38,1075.05,1082.31,1082.51,1085.66,1088.06,1081.46,1080.08,1086.72,1086.53,1091.55,1083.43,1078.29,1078.27,1080.11,1077.71,1074.91,1078.33,1078.82,1075.41,1074.9,1084.86,1085.18,1072.09,1071.35,1073.08,1079.85,1081.21,1083.71,1084.53,1078.73,1077.61,1085.24,1085.07,1097.48,1083.43,1076.29,1076.41,1077.78,1075.69,1072.99,1076.23"
5cfd4757-af72-48b2-a93c-28fdc1f9191d "592.9,589.93,593.86,590.75,592.41,596.96,598.29,598.55,626.28,693.04,619.5,609.6,607.34,607.36,609.12,608.75,609.47,609.13,606.6,608.79,605.81,606.03,598.56,595.46,594.03,589.75,590.43,590.76,590.61,592.17,605.58,596.91,614.82,653.45,615.51,609.41,606.75,606.42,608.54,609.98,609.44,608.86,606.54,608.84,605.84,605.47,599.87,596.01,593.3,589.63,591.81,590.55,591.24,594.17,602.02,597.46,619.89,671.47,617.14,609.3,606.82,606.65,608.61,609.21,609.25,608.78,606.37,608.61,605.62,605.53,599.06,595.55"
055a70d3-f3d8-448a-873d-1176abb7b054 "90.52,79.64,78.54,77.92,77.13,78.37,78.34,77.41,87.92,92.05,91.3,86.82,87.49,93.1,96.71,81.22,85.5,85.11,86.16,86.98,84.62,88.15,86.38,82.51,87.55,77.01,76.25,75.49,74.5,75.8,75.87,74.92,85.38,89.52,88.79,84.31,84.97,90.58,94.2,78.71,82.98,82.59,83.64,84.46,82.1,85.63,83.86,80.0,85.03,74.49,73.74,72.97,71.99,73.28,73.36,72.4,82.86,87.0,86.27,81.79,82.45,88.06,91.68,76.19,80.46,80.08,81.12,81.94,79.58,83.12,81.34,77.48"
c112653f-2bf5-4610-917b-312dbd66e058 "94.83,89.33,89.24,91.43,92.09,90.77,91.86,91.26,96.47,104.57,101.76,102.49,91.14,98.38,101.37,96.05,95.31,96.56,102.15,99.01,97.88,100.85,99.44,105.61,105.75,100.24,100.15,102.35,103.01,101.68,102.77,102.18,107.39,115.48,112.67,113.41,102.05,109.3,112.28,106.96,106.22,107.47,113.06,109.93,108.79,111.76,110.35,116.52,116.66,111.15,111.07,113.26,113.92,112.59,113.69,113.09,118.3,126.39,123.58,124.32,112.96,120.21,123.19,117.87,117.14,118.39,123.97,120.84,119.71,122.67,121.26,127.43"
60706adc-302b-4284-b2dd-ace0e4427b54 "6737.33,5358.07,4429.89,4026.43,3740.43,3952.31,4872.67,7143.96,8586.3,9368.92,9949.88,10072.41,9899.85,9956.5,9830.42,8204.65,8046.16,7912.53,7984.47,7546.67,7520.8,8274.33,8227.87,7900.76,7162.36,5770.06,4867.81,4497.54,4228.21,4423.49,5394.0,7617.31,9085.75,9755.74,10189.42,10357.18,10508.32,10038.24,9749.69,8610.23,8520.46,8380.24,8391.65,7998.14,7941.78,8505.38,8542.06,8226.98,7505.52,6106.38,5217.75,4864.92,4604.36,4790.91,5787.79,7985.89,9468.04,10078.82,10435.06,10626.6,10947.93,10200.91,9826.95,8943.16,8889.54,8745.84,8725.43,8355.2,8282.82,8746.56,8826.95,8518.2"
d392ee45-c278-4c86-b910-d80a564cc36b "195.9,103.59,69.23,53.03,56.91,72.3,165.96,250.17,295.44,312.78,323.66,303.03,316.86,341.18,332.23,303.23,283.13,273.73,273.24,317.76,365.95,387.27,308.01,215.14,144.87,59.1,26.54,10.62,12.89,29.32,116.09,183.14,219.89,235.22,243.75,228.31,251.16,267.29,254.05,228.91,216.73,221.46,227.42,272.18,319.72,338.98,265.19,173.0,104.35,23.14,0.0,0.0,0.0,0.0,76.37,131.45,162.26,176.2,183.08,171.26,200.41,210.81,194.6,172.13,165.49,180.08,190.53,235.46,282.54,300.36,230.39,138.67"
aec309bc-76f1-48e0-af7a-16da43cba338 "70.68,68.29,66.85,65.94,65.54,65.92,68.69,71.08,73.38,78.73,79.81,80.24,84.29,84.78,83.42,81.35,82.22,82.1,84.63,89.97,88.48,83.9,78.61,68.65,62.13,59.65,58.08,57.12,56.79,57.26,60.06,62.41,64.64,69.97,71.08,71.56,75.62,76.09,74.69,72.61,73.5,73.4,75.94,81.28,79.77,75.18,69.9,59.95,53.43,50.95,49.37,48.41,48.08,48.55,51.36,53.71,55.94,61.26,62.38,62.85,66.92,67.39,65.99,63.91,64.79,64.7,67.24,72.58,71.07,66.47,61.19,51.25"
e33deeec-ae01-4af7-a7dc-a70add02fb61 "9910.35,5773.04,3146.88,1779.56,955.38,950.62,2600.25,6180.4,10970.01,14581.66,16524.05,18963.7,20397.08,18866.41,17254.22,16225.94,16143.59,16840.48,17708.44,18748.31,19650.94,18091.87,15035.07,10380.38,6595.98,2458.67,0.0,0.0,0.0,0.0,0.0,2866.03,7655.64,11267.29,13209.68,15649.33,17082.71,15552.04,13939.85,12911.57,12829.22,13526.11,14394.07,15433.94,16336.57,14777.5,11720.7,7066.01,3281.61,0.0,0.0,0.0,0.0,0.0,0.0,0.0,4341.28,7952.93,9895.32,12334.97,13768.35,12237.68,10625.49,9597.21,9514.86,10211.75,11079.71,12119.58,13022.21,11463.14,8406.34,3751.65"
3719cee3-b3c2-4db2-9199-71305ea83c14 "231156.26,212959.32,194251.8,173397.31,162593.69,154756.95,160306.33,174091.26,190477.88,209868.4,226088.75,221153.31,216313.31,209271.78,203329.69,196199.09,193502.54,186758.78,194659.02,202118.14,211566.04,221934.11,226830.87,224318.79,221927.79,203724.54,185020.84,164163.16,153367.58,145524.33,151073.52,164862.87,181242.7,200640.36,216872.63,211920.55,207087.33,200046.13,194106.35,186978.13,184280.84,177529.33,185438.85,192888.62,202328.3,212701.74,217589.54,215080.25,212689.43,194486.42,175782.57,154925.02,144129.13,136286.13,141835.33,155624.51,172004.59,191401.99,207633.8,202682.35,197848.87,190807.66,184867.79,177739.49,175042.23,168291.01,176200.17,183650.3,193090.3,203463.53,208351.67,205842.28"
3a24a891-d616-4e0a-8c6f-0c538608aaf3 "683.01,679.88,672.27,668.59,666.45,667.47,672.19,675.85,682.32,682.85,683.61,688.91,688.58,686.35,688.24,686.79,687.83,689.19,690.25,691.16,692.44,692.98,691.84,688.06,686.34,682.99,675.47,672.47,669.47,670.44,674.74,678.64,685.31,686.67,687.33,692.51,692.18,689.92,690.86,690.44,691.76,693.19,694.03,695.09,696.46,697.45,695.92,692.31,690.5,687.12,679.61,676.74,673.57,674.53,678.75,682.7,689.41,690.94,691.57,696.73,696.4,694.13,694.88,694.67,696.04,697.49,698.28,699.38,700.76,701.85,700.24,696.66"
dc9b9b6c-fbc7-41cf-ac36-19719d405b67 "1533.03,1411.24,1311.58,1240.71,1099.7,1153.59,1262.04,1340.87,1483.49,1752.28,1956.41,2194.56,2438.96,2103.83,1997.89,1912.27,1936.79,2068.5,2246.99,2314.75,2367.62,2379.74,2150.56,1808.41,1536.94,1390.37,1274.55,1194.47,1049.66,1103.77,1215.29,1299.03,1447.61,1722.77,1933.24,2177.36,2427.15,2096.73,1994.74,1912.34,1939.39,2073.01,2252.87,2321.54,2374.94,2387.31,2158.16,1815.88,1544.17,1397.31,1281.17,1200.76,1055.64,1109.47,1220.74,1304.27,1452.68,1727.71,1938.07,2182.12,2431.86,2101.4,1999.4,1916.99,1944.05,2077.68,2257.55,2326.24,2379.66,2392.04,2162.91,1820.64"
cdcdaeaa-2739-410f-9799-28fd0ef9aa7b "1493.08,971.88,750.12,648.42,626.94,723.6,906.26,1131.79,1481.54,1734.02,2053.17,2156.88,2336.68,2328.82,2341.03,2320.53,2329.0,2271.19,2274.43,2679.95,3087.51,3202.95,2911.28,2226.27,1661.88,1119.83,881.35,766.25,734.02,822.06,997.82,1217.81,1563.11,1812.04,2128.33,2229.74,2407.71,2398.38,2409.41,2387.97,2395.68,2337.26,2340.0,2745.13,3152.38,3267.57,2975.7,2290.53,1726.01,1183.86,945.29,830.12,797.84,885.84,1061.56,1281.52,1626.81,1875.71,2191.99,2293.39,2471.35,2462.01,2473.03,2451.59,2459.29,2400.87,2403.61,2808.74,3215.99,3331.18,3039.31,2354.13"
8d904cf0-0d9f-49fc-a0a4-16e8402bdb4b "4067.75,2993.63,1935.09,1328.5,1119.34,1208.89,1907.65,2897.38,4910.09,6766.6,7998.31,8875.86,9329.63,8941.95,8802.09,8456.85,8547.51,8559.63,8801.72,9251.3,9320.29,8182.59,5970.1,3709.64,3510.26,2320.99,1229.75,705.65,601.85,705.43,1314.53,2210.61,4226.7,6177.04,7489.25,8347.63,8706.23,8252.18,8145.39,7894.03,8036.43,8003.67,8155.52,8568.07,8691.54,7638.39,5448.51,3126.25,2849.77,1651.61,627.22,171.42,63.74,97.62,648.26,1559.76,3646.32,5644.61,6931.26,7720.33,8041.84,7621.91,7581.55,7356.39,7457.75,7362.94,7499.22,7958.04,8137.92,7090.25,4850.55,2478.5"
d44ae155-39b3-4526-8068-1c087de35631 "1574.78,1195.61,913.5,777.38,698.78,712.28,817.3,1114.17,1478.06,1675.79,1911.45,2204.46,2557.56,2451.21,2303.83,2302.98,2339.93,2352.59,2475.32,2631.42,2602.7,2569.77,2377.86,1955.47,1624.69,1248.33,967.72,832.4,754.23,767.96,873.1,1170.04,1533.96,1731.71,1967.38,2260.39,2613.49,2507.15,2359.77,2358.92,2395.86,2408.53,2531.26,2687.36,2658.64,2625.71,2433.8,2011.4,1680.63,1304.27,1023.66,888.34,810.17,823.9,929.04,1225.98,1589.9,1787.65,2023.31,2316.33,2669.43,2563.09,2415.71,2414.86,2451.8,2464.46,2587.19,2743.3,2714.57,2681.65,2489.74,2067.34"
fe612e78-3590-477a-a6e0-71aee4bdcf79 "1170.43,592.34,259.17,85.82,0.0,30.89,297.91,717.49,1122.95,1371.58,1562.15,1695.87,1961.39,1866.21,1783.68,1699.57,1669.08,1710.47,1882.74,2098.78,2419.09,2546.01,2346.96,1572.92,775.46,198.21,0.0,0.0,0.0,0.0,0.0,323.76,729.21,977.84,1168.41,1302.14,1567.65,1472.48,1389.94,1305.83,1275.34,1316.73,1489.0,1705.04,2025.36,2152.27,1953.22,1179.18,381.73,0.0,0.0,0.0,0.0,0.0,0.0,0.0,335.48,584.11,774.68,908.4,1173.92,1078.74,996.21,912.1,881.61,923.0,1095.27,1311.31,1631.62,1758.54,1559.49,785.45"
69f7e067-921a-4cd6-a77c-7ce2d52db362 "156.86,130.73,111.88,110.05,100.03,102.94,158.17,100.56,124.26,166.52,202.2,220.09,161.78,184.7,228.15,236.27,238.73,226.59,216.2,190.41,224.56,207.39,193.37,179.47,133.36,109.23,91.95,91.35,82.3,85.98,141.81,84.68,108.75,151.3,187.21,205.28,147.11,170.15,213.69,221.87,224.39,212.3,201.94,176.18,210.34,193.19,179.19,165.29,119.19,95.06,77.79,77.2,68.15,71.83,127.67,70.54,94.61,137.16,173.07,191.14,132.97,156.01,199.55,207.73,210.25,198.16,187.8,162.04,196.2,179.05,165.05,151.15"
14b62f66-8767-4b3d-9548-e004a83fe649 "83.12,82.94,83.56,85.34,82.82,82.09,82.01,82.01,83.79,83.88,85.07,83.56,83.0,82.86,84.12,83.79,84.2,83.21,82.68,82.47,82.49,81.33,84.17,82.02,82.2,82.01,82.63,84.41,81.89,81.16,81.08,81.09,82.86,82.95,84.15,82.63,82.07,81.93,83.2,82.87,83.27,82.28,81.76,81.55,81.56,80.4,83.24,81.09,81.28,81.08,81.71,83.48,80.97,80.23,80.15,80.16,81.93,82.03,83.22,81.7,81.14,81.01,82.27,81.94,82.34,81.35,80.83,80.62,80.63,79.47,82.31,80.17"
0d3381f6-962d-4220-9069-96437e2c339d "239472.03,225573.41,207053.96,188166.48,181464.8,172035.46,176881.55,193043.95,213524.52,231358.71,242210.6,245026.76,234891.66,230833.23,224623.41,217398.76,213939.18,206852.64,218393.88,225094.61,235191.85,244908.9,248975.38,248190.8,244244.69,230346.07,211826.62,192939.14,186237.46,176808.12,181654.21,197816.61,218297.18,236131.37,246983.26,249799.42,239664.32,235605.89,229396.07,222171.42,218711.84,211625.3,223166.54,229867.27,239964.51,249681.56,253748.04,252963.46,249017.35,235118.73,216599.28,197711.8,191010.12,181580.78,186426.87,202589.27,223069.84,240904.03,251755.92,254572.08,244436.98,240378.55,234168.73,226944.08,223484.5,216397.96,227939.2,234639.93,244737.17,254454.22,258520.7,257736.12"
7c0bee64-c3b7-4662-b1a0-6a62f106b225 "957.65,978.44,966.57,994.91,1017.15,979.18,1003.58,1032.65,1096.39,1600.45,2415.76,2348.03,2172.45,2172.32,2409.73,2449.55,2475.49,2313.32,1988.16,1522.25,1243.38,1121.81,1058.71,1021.22,941.62,959.73,945.94,972.89,994.13,955.44,979.32,1008.02,1071.49,1575.36,2390.53,2322.7,2147.05,2146.87,2384.24,2424.03,2449.95,2287.77,1962.6,1496.68,1217.8,1096.22,1033.13,995.64,916.04,934.14,920.35,947.29,968.54,929.85,953.73,982.43,1045.9,1549.77,2364.94,2297.11,2121.45,2121.27,2358.64,2398.43,2424.36,2262.18,1937.0,1471.09,1192.21,1070.63,1007.53,970.04"
0a9da3f4-ba4b-4a13-8455-86809acb3cea "936.85,927.24,921.45,916.58,914.84,915.08,920.26,922.73,928.28,932.49,934.44,934.12,934.96,938.57,944.69,944.66,937.6,936.77,939.23,950.3,968.07,973.33,962.58,947.88,935.99,925.59,919.83,915.05,912.86,913.28,918.26,920.82,926.66,930.84,933.23,932.95,934.07,937.59,944.13,944.85,937.88,936.09,938.74,949.8,967.52,973.32,961.78,946.62,934.87,924.66,918.89,914.09,912.0,912.38,917.41,919.95,925.72,929.91,932.19,931.91,932.96,936.5,942.94,943.48,936.49,934.93,937.53,948.6,966.33,972.0,960.64,945.6"
030d0e35-3086-4538-825e-a0dc4b9172c9 "1681.77,1032.28,683.25,502.54,454.43,600.35,876.58,1209.12,1577.18,1941.85,2142.74,2268.83,2437.12,2383.48,2326.31,2307.28,2251.06,2254.61,2266.06,2657.02,2989.77,3076.96,2784.23,2138.41,1587.78,937.64,588.49,407.77,359.67,505.6,781.85,1114.39,1482.46,1847.14,2048.04,2174.13,2342.42,2288.79,2231.62,2212.59,2156.37,2159.92,2171.37,2562.34,2895.09,2982.28,2689.55,2043.72,1493.1,842.96,493.81,313.08,264.99,410.92,687.17,1019.71,1387.78,1752.46,1953.36,2079.45,2247.74,2194.11,2136.94,2117.91,2061.69,2065.24,2076.69,2467.66,2800.41,2887.6,2594.87,1949.04"
6ac1193e-f299-42b3-ac59-041285a3ab5e "1007.47,679.92,460.11,384.96,365.35,414.36,529.63,789.15,993.16,1231.13,1419.66,1454.84,1515.0,1504.95,1477.63,1484.16,1448.36,1421.32,1453.44,1705.39,1958.94,2016.32,1807.47,1356.96,1044.25,707.52,496.0,411.98,386.35,436.88,554.47,779.68,973.67,1193.67,1368.86,1421.96,1489.47,1489.15,1464.92,1464.64,1433.27,1403.96,1445.15,1701.2,1943.03,1996.35,1782.0,1337.72,1026.43,692.92,478.49,397.58,374.07,424.06,540.84,778.11,975.62,1201.93,1381.81,1428.61,1493.54,1489.8,1464.49,1466.6,1433.67,1405.16,1443.16,1697.77,1943.72,1998.47,1786.05,1339.58"
ae42e4db-f9b9-46f0-91c0-ad5d0c4987be "382.64,378.27,375.76,384.79,376.68,374.86,378.28,380.56,383.22,387.42,390.93,389.92,386.31,388.36,388.93,400.64,395.3,390.41,388.69,386.93,387.75,387.23,384.35,381.59,382.01,377.64,375.13,384.16,376.05,374.24,377.66,379.93,382.59,386.79,390.31,389.29,385.69,387.74,388.31,400.01,394.67,389.78,388.06,386.31,387.12,386.61,383.73,380.96,381.39,377.02,374.51,383.54,375.43,373.61,377.03,379.31,381.97,386.17,389.68,388.67,385.06,387.11,387.68,399.39,394.05,389.16,387.44,385.68,386.5,385.98,383.1,380.34"
a5328c75-a45f-4737-87f4-f0733dc673b5 "377.24,372.71,371.47,377.09,375.36,370.4,373.54,375.79,379.16,384.72,390.64,388.12,382.48,383.04,385.56,390.63,388.79,385.96,383.52,381.44,382.27,380.29,379.3,378.03,374.68,370.39,369.33,375.08,373.45,368.56,371.75,374.04,377.44,383.03,388.95,386.45,380.81,381.38,383.91,388.98,387.14,384.32,381.88,379.79,380.63,378.64,377.66,376.39,373.04,368.75,367.69,373.44,371.81,366.92,370.11,372.41,375.8,381.39,387.32,384.81,379.18,379.74,382.27,387.34,385.5,382.68,380.24,378.16,378.99,377.01,376.02,374.75"
afa455f0-8192-43a7-8277-19fef93f884c "315.33,303.18,300.99,293.91,293.67,295.15,300.21,311.76,317.68,322.8,322.22,331.71,347.36,343.22,336.2,330.24,330.12,332.94,337.58,340.0,358.43,351.53,340.08,327.93,313.39,301.7,297.99,291.33,291.42,292.18,298.02,308.9,315.39,320.7,319.68,329.77,345.41,342.56,334.49,328.56,327.85,331.72,336.43,337.92,356.93,350.79,338.44,326.98,311.78,299.99,296.61,289.86,289.87,290.79,296.46,307.49,313.86,319.13,318.2,328.16,343.8,340.67,332.83,326.9,326.31,329.95,334.65,336.34,355.22,348.92,336.77,325.16"
fd8dfb3b-bdb2-4d40-bf83-638662f2717b "1411.82,1144.62,1151.53,1080.36,1086.04,1103.55,1214.7,1326.75,1392.61,1564.25,1531.13,1799.05,1703.88,1623.44,1477.87,1492.93,1765.47,1848.17,2101.21,2568.2,3179.07,3169.38,1989.88,1407.33,1242.61,1057.18,1063.98,994.65,996.61,1012.43,1133.66,1239.81,1273.29,1429.75,1384.68,1722.63,1612.14,1539.04,1380.2,1371.32,1716.06,1780.92,2077.19,2567.46,3207.42,3274.87,1980.4,1354.4,1183.9,1017.16,1023.94,955.03,956.14,971.57,1095.11,1199.91,1225.99,1378.98,1331.17,1685.13,1571.14,1499.72,1337.84,1323.49,1684.74,1745.52,2051.68,2547.27,3193.89,3278.98,1958.21,1322.27"
7589ec5d-1262-4e99-b255-7b2141695664 "245.59,145.87,131.73,127.99,124.93,164.2,670.11,364.47,215.57,180.97,181.28,246.45,273.23,186.24,204.26,179.23,189.53,251.29,864.51,737.71,310.77,179.75,252.09,590.93,243.16,143.44,129.3,125.56,122.5,161.77,667.68,362.04,213.14,178.54,178.85,244.02,270.8,183.81,201.83,176.8,187.1,248.86,862.08,735.28,308.33,177.31,249.66,588.5,240.73,141.01,126.86,123.13,120.07,159.34,665.25,359.61,210.71,176.1,176.42,241.59,268.37,181.38,199.4,174.37,184.67,246.43,859.65,732.85,305.9,174.88,247.23,586.07"
c41ba638-a65b-4931-92c9-860aa5d710fa "0.0,0.0,0.0,0.0,0.0,0.0,0.0,0.0,124.61,893.25,1503.26,1048.31,382.69,1511.57,1893.79,461.66,2.42,169.87,60.71,0.0,0.0,0.0,0.0,0.0,0.0,0.0,0.0,0.0,0.0,0.0,0.0,0.0,123.93,888.37,1495.06,1042.59,380.6,1503.32,1883.46,459.14,2.4,168.95,60.38,0.0,0.0,0.0,0.0,0.0,0.0,0.0,0.0,0.0,0.0,0.0,0.0,0.0,123.25,883.52,1486.9,1036.9,378.52,1495.11,1873.17,456.64,2.39,168.02,60.05,0.0,0.0,0.0,0.0,0.0"
997e1f51-2c7b-47fa-98ba-77e27eda8330 "114.66,114.53,115.03,115.81,114.32,114.51,114.91,114.55,117.93,116.61,117.21,121.51,116.12,116.35,116.09,116.33,116.79,116.36,115.09,115.14,115.32,114.87,114.74,113.88,114.89,114.76,115.26,116.04,114.55,114.74,115.14,114.78,118.16,116.84,117.43,121.74,116.35,116.58,116.32,116.56,117.02,116.59,115.32,115.37,115.54,115.1,114.96,114.1,115.12,114.99,115.49,116.27,114.78,114.97,115.37,115.01,118.39,117.07,117.66,121.97,116.58,116.81,116.55,116.79,117.25,116.82,115.55,115.6,115.77,115.33,115.19,114.33"
339b3db3-f203-48d1-9337-b32051aa421c "0.0,327.68,0.0,0.0,0.0,0.0,383.02,4057.25,18914.51,3149.39,0.0,0.0,0.0,0.0,0.0,0.0,2809.45,10603.58,14842.85,13074.59,11838.43,7259.14,4854.22,519.07,140.09,0.0,0.0,0.0,0.0,0.0,382.53,4052.03,18890.16,3145.33,0.0,0.0,0.0,0.0,0.0,0.0,2805.83,10589.93,14823.75,13057.76,11823.19,7249.8,4847.97,518.4,139.91,0.0,0.0,0.0,0.0,0.0,382.04,4046.82,18865.85,3141.29,0.0,0.0,0.0,0.0,0.0,0.0,2802.22,10576.3,14804.67,13040.95,11807.97,7240.46,4841.73,517.74"
cb1ecc59-3095-44ee-8d6f-413f3c9b4c1b "242.65,242.82,247.84,240.13,234.71,239.32,240.54,240.87,245.37,250.85,263.49,257.0,262.51,267.55,265.39,263.47,265.0,261.56,259.73,250.28,251.39,243.89,247.28,243.62,240.47,241.76,246.3,239.04,233.33,238.16,239.23,239.67,244.08,249.63,262.23,255.77,261.25,266.3,264.13,262.22,263.75,260.31,258.48,249.03,250.14,242.64,246.03,242.37,239.22,240.51,245.05,237.79,232.08,236.91,237.98,238.42,242.83,248.38,260.98,254.52,260.0,265.05,262.88,260.97,262.5,259.07,257.23,247.78,248.89,241.39,244.78,241.13"
381864f2-5aae-49b5-92cf-2b2ed7ccdd82 "61.0,53.62,54.72,52.9,53.6,51.2,51.91,49.91,51.91,50.58,52.13,77.84,78.77,77.44,70.66,62.7,71.13,78.44,63.48,71.43,52.76,60.27,52.32,52.8,54.49,51.06,51.5,52.09,51.64,50.96,50.47,49.82,50.71,50.49,51.06,77.7,77.79,77.25,69.75,62.46,70.27,78.16,62.66,71.11,51.98,59.91,51.57,52.42,53.77,50.65,50.8,51.66,50.96,50.51,49.81,49.35,50.06,50.01,50.43,77.22,77.16,76.75,69.14,61.96,69.67,77.64,62.06,70.59,51.39,59.39,50.99,51.89"
8782048e-6174-4618-8647-e48664afbfcb "50.2,46.73,46.2,43.15,41.61,41.56,50.75,85.11,100.85,68.63,64.5,63.5,58.04,56.46,61.44,68.26,70.45,95.28,81.17,64.33,62.85,62.79,57.43,56.11,46.43,43.83,43.76,40.96,39.55,39.57,48.8,83.19,98.94,66.73,62.6,61.6,56.14,54.57,59.54,66.37,68.56,93.38,79.27,62.43,60.96,60.9,55.53,54.21,44.53,41.93,41.86,39.06,37.65,37.68,46.91,81.3,97.05,64.83,60.7,59.7,54.24,52.67,57.65,64.47,66.66,91.49,77.38,60.54,59.06,59.0,53.64,52.31"
ba28e852-0c3a-4959-85ee-b1e9ddda6cb7 "2137.82,2155.45,2167.54,2240.57,2322.85,2305.83,2302.64,2364.53,2461.01,2545.32,2621.03,2752.32,2737.33,2805.55,2751.38,2796.54,2921.38,3060.22,3181.93,3155.02,3010.65,2988.98,2786.1,2727.42,2374.14,2343.28,2312.57,2351.6,2407.41,2369.88,2350.78,2400.35,2487.29,2564.2,2634.18,2761.04,2742.61,2808.16,2751.93,2795.49,2919.1,3056.97,3177.94,3150.45,3005.65,2983.63,2780.48,2721.59,2368.15,2337.17,2306.36,2345.31,2401.07,2363.49,2344.36,2393.9,2480.82,2557.72,2627.68,2754.53,2736.09,2801.64,2745.41,2788.96,2912.57,3050.44,3171.41,3143.92,2999.11,2977.09,2773.94,2715.05"
c7ebbb2e-819b-461a-ba4f-82aaff961e9a "2167.85,2158.26,2122.76,2155.97,2178.48,2118.1,2073.15,2120.6,2225.58,2297.77,2347.49,2367.7,2400.81,2493.23,2442.95,2463.03,2442.44,2549.93,2578.44,2583.73,2481.47,2531.95,2422.86,2259.13,1976.27,1944.28,1893.5,1917.98,1937.63,1879.4,1840.73,1897.69,2014.51,2100.05,2163.87,2198.27,2245.09,2350.29,2311.52,2341.6,2329.35,2443.47,2476.91,2485.53,2385.12,2436.13,2326.43,2161.18,1876.09,1841.36,1787.51,1808.78,1825.2,1763.85,1722.29,1776.66,1891.24,1974.92,2037.27,2070.59,2116.69,2221.5,2182.64,2212.88,2200.99,2315.64,2349.71,2359.03,2259.35,2311.1,2202.11,2037.51"
